% relational
test_range = 2595:2594+426/2;
train_range = [1:2594,2595+426/2:3020];

% social
test_range = 2085:2084+510/2;
train_range = [1:2084,2085+510/2:3020];

% motor
test_range = 1555:1819;
train_range = [1:1554, 1820:3020];

% gambling
test_range = 1087:1320;
train_range = [1:1086, 1321:3020];

% emotion
test_range = 773:929;
train_range = [1:772, 930:3020];

% wm
test_range = 1:386;
train_range = [387:3020];

